20.00030669365503 8.070987866858898 8.8958613452932 0.15741313522201494
19.00066072726603 8.09939204439376 8.865975142500282 0.151723885367943
18.000997654325747 8.126714780024797 8.837903429854489 0.11664701824527413
17.00123614935906 23.78796268922397 8.813297299452712 0.07566186965448196
16.024366564681966 23.47268028699112 9.216100565374102 -2.5935221607124532
15.108730415233959 38.50505494540878 9.922123707981397 -3.444530877949177
14.32733390759191 35.99696626096686 11.257237636035331 -4.8607794166659914
13.728821218430014 33.59795885659845 13.622493914502384 -5.851882547376249
13.202910900497544 31.81021818803967 13.402675166863718 -5.325983200049862
12.809026780856687 30.31461923880538 12.010025207366006 -5.48262298571823
12.631695750955435 29.044173674899262 10.837294362400266 -6.014182181043971
12.668535437599832 28.055140430478286 9.882648456311347 -6.148496713331106
12.935437713691526 27.327986190136322 9.118155848943225 -6.072198089863676
13.474609322531148 26.823408154801875 8.515178372195663 -5.8886353852110815
14.340989939586038 20.37814915479806 8.048496493582162 -5.5895053024756365
15.00327169924958 17.221861890373173 7.635324876008948 -4.000574085155982
27.03075734246066 15.758075881278296 7.269094576132537 -3.3267563139350464
25.259026916921467 14.182752665734332 7.009569528024036 -4.048916810840343
23.681206519040526 12.988205217869677 6.838971715718328 -4.033695299721632
22.302652344097634 12.184806430730589 6.729997106251833 -3.570536880840125
21.06369473851217 11.623376917377197 6.669628435229198 -3.0816453601878244
19.91495356140593 11.196243462143714 6.653567870601421 -2.686618129998873
18.82523499967596 10.843565490621323 6.680540954060938 -2.3804099223764066
17.77531683835355 10.534223500342282 6.749536283125458 -2.1323445636503973
16.752629608573702 10.253778972216997 6.857847136976427 -1.9084062908236374
15.74792007394158 9.998133853800208 22.466043818998045 -1.6753181946523947
14.789658231834242 10.553886990276453 22.207970247968284 2.832553868065114
13.865120005707873 11.288253318034869 21.996816640138924 2.8671490530828243
12.97139347037764 12.244849029570215 21.84402671017039 2.9048844870325734
12.104143996204987 13.474511346098506 21.748203080066926 2.9170449704067796
11.256998556325705 12.573350886778268 21.69365594071629 2.8847524723964106
10.473772785142808 11.113040617425987 22.20253601930984 3.5066531094334135
9.796898207338613 9.750172065949567 23.928652635415165 4.420002746069262
9.271786440425656 8.529343605588172 28.33954066287492 5.419143687792232
9.019840387193144 7.491128321606723 31.59209621054604 6.850199360541488
9.092843905188605 6.67702654925102 30.64709995083449 7.696318907476346
9.460165382270443 6.060745452282793 30.166098995490607 7.572037000346732
10.276311281111129 5.615830567168399 29.450553543828512 7.429564358813707
11.767731460939517 5.3187580486093315 20.616157463650932 7.041847573823624
13.514975795600906 5.083089278018396 17.44608321794671 5.244676102607258
16.433452394628112 4.93769149481085 15.485047353591742 4.817782082413416
22.32797231811732 4.898623442681448 14.03291047475447 4.6929729377046385
25.128448082801835 5.0155581363486155 12.75468206270376 5.050685909519501
24.06428417355717 5.209252848256565 11.929574821944088 3.9624966053304718
23.10463401181881 5.5237842164807756 11.233951159335682 3.659417172532031
22.21073255024018 5.950108107056443 10.648098717954147 3.204172765123843
21.3422324793868 6.464635110041269 10.1519984878698 2.6345291146703147
20.464780998020775 7.027966306532995 9.728671987247951 1.996541197467792
19.555795358833517 7.590811756370965 9.364939387532637 1.3443996968776162
18.606802770413978 8.10691515865401 9.050830268840336 0.7348057634379472
17.621203605346345 8.545695309845843 8.778714570675476 0.21358294019013613
16.609122498681057 8.897407856775407 8.54230355301236 -0.19233037202299386
15.582491711678085 9.171109837760827 8.335264288736543 -0.4697055133757999
14.551951734609679 9.389798568975086 8.149584765363358 -0.609648489176962
13.52539424033249 9.585357831723266 7.974390770891394 -0.6053393044906556
12.507712405404222 9.794221567467538 7.795985233351631 -0.4570917306269848
