0.23813781839269646 0.9999976647865337 20.000102653581845 8.126213304564494 8.846314420327495 -0.11859840318801673
0.23871409857610554 1.9999673720794497 19.000295277576356 8.104634205599503 8.869850001877223 -0.12697889734519663
0.24136023430121317 2.9999293361177126 18.000485570328454 8.084465221540524 8.891729269472215 -0.09544530166455445
0.24622255030531723 3.9998980028291333 17.000625672634214 24.22720093914861 8.910910242222151 -0.06271900939178465
0.2527507137417386 4.999868268626043 16.019187150156917 23.572147686146753 9.219005516349979 -1.7924734435036527
0.26032093565739695 5.9929361799081855 15.08786970978887 38.67643799073335 9.833530949355426 -2.9407768321970025
0.29849194490804654 6.973512279205171 14.336208672075955 35.91784540735739 11.282214476514085 -5.375934188545713
0.3828585496339027 7.9059520168271655 13.748189115524116 33.53013811956506 13.701470868933393 -5.88729933246168
0.5518014541564322 8.81342455280061 13.199644212956525 31.821275680101575 13.392585249390141 -5.063240414979262
0.818756989764024 9.718522392798425 12.763602056435623 30.378006576635045 12.015581093519081 -5.171805158672342
1.1636299514195243 10.594190935887816 12.522965765564393 29.12425506017969 10.838732534958355 -5.705121404671651
1.5801026078088583 11.423397581554495 12.495631436532904 28.116008665090686 9.865451159456693 -5.97940240916332
2.0729935398075585 12.200866647016612 12.712852375100113 27.358778246597335 9.079705561947506 -6.071264487505751
2.6426038680214483 12.920753127898887 13.227907301752992 26.835312035107037 8.461010841082626 -6.026685305759948
3.286032040410682 13.57724820867664 14.113398815302043 21.290785906173497 7.988482311269619 -5.833008612334844
3.998916146096776 14.165934130581347 28.571276016988637 15.99834372352506 7.654256483927106 -5.728226427297535
4.770252095815316 14.680666946542788 26.765413367669403 14.61340034580918 7.330880403424254 -3.568681481178171
5.628905018807857 15.136990170083097 25.092629169718183 13.399426301456526 7.097101935522994 -3.8281140051705833
6.510450327345712 15.537235323630048 23.61611816764279 12.541089110955467 6.929308712114407 -3.547993829765417
7.42100771322013 15.879331842311451 22.296027646194737 11.9366364535087 6.813311536035244 -3.1459051162267624
8.35662672180923 16.16615104375009 21.082056708712337 11.471793089658108 6.7460714407386195 -2.8206096175965563
9.310683359640294 16.40220859517558 19.94139702081671 11.083980258379649 6.727278606802197 -2.567674381976458
10.278106408216061 16.59160087264525 18.854302543406245 10.750870991552954 6.752925580588465 -2.3180321497374488
11.25565698717256 16.737854165050567 17.806311246200284 10.47294409087434 6.811261799044447 -2.002050719365168
12.241256595856303 16.844767736663925 16.78419631893631 10.261548635481843 6.8810852859876785 -1.5741070428029333
13.233279506389698 16.917424815833378 15.776104454889264 10.13321814225231 22.95016097670662 -1.0190134065316554
14.230014310622282 16.962944846132107 14.809312603140562 10.579767101550798 22.367713111574833 2.047362253163705
15.22061520527493 16.990542495445276 13.859894393890336 11.142587362087674 21.785570178230483 2.083458155221597
16.209276405607483 17.05349188383756 12.934149076801091 11.894195384501637 21.29864207050046 2.3094031998106237
17.192860079243598 17.152128479829805 12.042057476459695 12.939686956233963 21.002802498515692 2.675126811733911
18.167756315116637 17.289766652954395 11.191353048703927 12.71120624971625 20.966167333938127 3.061558100017212
19.13042398320881 17.471858973535184 10.40976638969152 11.191826235615075 21.503724028450335 3.7321024252638715
20.072293264637615 17.702728944594703 9.738332437430962 9.786753057788273 23.232909126754702 4.652141092435006
20.98080368377322 17.98926538488055 9.200822632173985 8.544571486526927 27.26894586889595 5.444938480967352
21.846340135864153 18.341726235423177 8.876983836864953 7.486284851324483 31.8131349824049 6.493210506227381
22.648897957052387 18.761327386527412 8.844086209301171 6.63811902734947 30.80560325703507 7.387426021641886
23.374386158842764 19.25242971931051 9.050919465225677 5.979275379928471 30.2298030404853 7.2782860103909
24.033600748144764 19.835295619610633 9.604852182826262 5.482500733336308 30.042716134132036 7.1496491871915
24.616600380013384 20.500332879767406 10.727791702405819 5.133752511222911 23.133674409981463 7.002029100630274
25.115094489132765 21.23689581014747 12.3762818979549 4.882176288481477 18.633596143476133 5.938825432497303
25.534772642383277 22.057460598554155 15.43276944781507 4.743871445377502 15.99318532761531 5.627514150440035
25.87028245115485 22.92476058184587 21.97603892377424 4.7258304115326775 14.217586253925042 5.354468878417038
26.120957183383076 23.827370506429645 25.344219651124412 4.839208358934651 12.920060200867649 5.066345426734614
26.287509804831053 24.75612965205163 24.285834847816645 5.021684826977226 12.105327457197648 3.8669026955067665
26.37352009807789 25.719792348155178 23.3279700442289 5.321904194733306 11.41280103064278 3.5853640269418747
26.394445633491983 26.691681193785296 22.434504900039855 5.733056131899903 10.824940286520414 3.160593002453112
26.3542949275916 27.66924966265216 21.567620855562296 6.235632557092921 10.322960783885364 2.6295625015808355
26.259663971532188 28.649783102302937 20.694525055715598 6.795391527865185 9.890782086825078 2.0324013657533726
26.11929363330088 29.63090958376091 19.792671754318913 7.367379775791688 9.515808453913943 1.416272425165971
25.943407525602662 30.61094708229464 18.852584855812005 7.907463213868033 9.188040884844595 0.8358862823504722
25.74278845798956 31.589087751080932 17.876930589323404 8.386404485475444 8.89861493464086 0.34565592327163586
25.52765400392104 32.565410119458285 16.876148121457238 8.79810452367977 8.638389603023459 -0.01172871755099436
25.306576994075584 33.54066617119157 15.863047627887187 9.158393054460651 8.396949015709673 -0.21220912015891713
25.085720868519264 34.51587367057475 14.8488763344886 9.498034921542141 8.1622811597798 -0.2504592106552792
24.868486408313085 35.49185547183785 13.84177092687057 9.855734314160998 7.921307060344752 -0.13641989134377752
24.655500227340244 36.46886988620329 12.847072734071666 10.274439642860692 7.661210363269749 0.10871778134006149
